45 45 6 198
6 12 12 12 18 18 12 12 12 18 18 12 12 12 18 18 12 12 12 18 60 192 120 168 78 18 12 12 12 18 18 12 12 12 18 18 12 12 12 18 18 12 12 12 6 
6 12 12 12 18 18 12 12 12 18 18 12 12 12 18 18 12 12 12 58 118 138 124 124 138 78 12 12 12 18 18 12 12 12 18 18 12 12 12 18 18 12 12 12 6 
6 12 12 12 18 18 12 12 12 18 18 12 12 12 18 18 12 12 72 120 120 78 12 60 138 138 60 12 12 18 18 12 12 12 18 18 12 12 12 18 18 12 12 12 6 
6 12 12 12 18 18 12 12 12 18 18 12 12 12 18 18 12 72 132 122 62 18 12 8 78 138 120 60 12 18 18 12 12 12 18 18 12 12 12 18 18 12 12 12 6 
6 12 12 12 18 18 12 12 12 18 18 12 12 12 18 18 72 132 132 60 18 12 12 12 18 78 120 120 60 18 18 12 12 12 18 18 12 12 12 18 18 12 12 12 6 
6 12 12 12 18 18 12 12 12 18 18 12 12 12 18 60 132 132 72 18 18 12 12 12 18 18 60 120 120 78 18 12 12 12 18 18 12 12 12 18 18 12 12 12 6 
6 12 12 12 18 18 12 12 72 120 180 180 180 180 180 180 132 72 12 18 18 12 12 12 18 18 12 60 120 180 180 180 180 180 180 120 60 12 12 18 18 12 12 12 6 
6 12 12 12 18 18 12 12 132 120 180 180 180 180 180 120 72 12 12 18 18 12 12 12 18 18 12 12 60 120 180 180 180 180 180 138 108 12 12 18 18 12 12 12 6 
6 12 12 12 18 18 12 12 192 162 18 12 12 12 18 18 12 12 12 18 18 12 12 12 18 18 12 12 12 18 18 12 12 12 18 198 168 12 12 18 18 12 12 12 6 
6 12 12 12 18 18 12 12 192 162 18 12 12 12 18 18 12 12 12 18 18 12 12 12 18 18 12 12 12 18 18 12 12 12 18 198 168 12 12 18 18 12 12 12 6 
6 12 12 12 18 18 12 12 192 162 18 12 12 12 18 18 12 12 12 18 18 12 12 12 18 18 12 12 12 18 18 12 12 12 18 198 168 12 12 18 18 12 12 12 6 
6 12 12 12 18 18 12 12 192 162 18 12 12 12 18 18 12 12 12 18 18 12 12 12 18 18 12 12 12 18 18 12 12 12 18 198 168 12 12 18 18 12 12 12 6 
6 12 12 12 18 18 12 12 192 162 18 12 12 12 18 18 12 12 12 18 18 12 12 12 18 18 12 12 12 18 18 12 12 12 18 198 168 12 12 18 18 12 12 12 6 
6 12 12 12 18 18 12 72 192 102 18 12 12 12 18 18 12 12 12 18 18 12 12 12 18 18 12 12 12 18 18 12 12 12 18 138 168 60 12 18 18 12 12 12 6 
6 12 12 12 18 18 72 132 132 60 18 12 12 12 18 18 12 12 12 18 18 12 12 12 18 18 12 12 12 18 18 12 12 12 18 78 120 120 60 18 18 12 12 12 6 
6 12 12 12 18 60 132 132 72 18 18 12 12 12 18 18 12 12 12 18 18 12 12 12 18 18 12 12 12 18 18 12 12 12 18 18 60 120 120 78 18 12 12 12 6 
6 12 12 12 60 120 132 72 12 18 18 12 12 12 18 18 12 12 12 18 18 12 12 12 18 18 12 12 12 18 18 12 12 12 18 18 12 60 120 138 78 12 12 12 6 
6 12 12 72 120 120 72 12 12 18 18 12 12 12 18 18 12 12 12 18 18 12 12 12 18 18 12 12 12 18 18 12 12 12 18 18 12 12 60 138 138 60 12 12 6 
6 12 72 132 120 60 12 12 12 18 18 12 12 12 18 18 12 12 12 18 18 12 12 12 18 18 12 12 12 18 18 12 12 12 18 18 12 12 12 78 138 120 60 12 6 
6 72 132 132 60 18 12 12 12 18 18 12 12 12 18 18 12 12 12 18 18 12 12 12 18 18 12 12 12 18 18 12 12 12 18 18 12 12 12 18 78 120 120 60 6 
66 132 132 72 18 18 12 12 12 18 18 12 12 12 18 18 12 12 12 18 18 12 12 12 18 18 12 12 12 18 18 12 12 12 18 18 12 12 12 18 18 60 120 120 60 
180 132 72 12 18 18 12 12 12 18 18 12 12 12 18 18 12 12 12 18 18 12 12 12 18 18 12 12 12 18 18 12 12 12 18 18 12 12 12 18 18 12 60 120 180 
126 132 12 12 18 18 12 12 12 18 18 12 12 12 18 18 12 12 12 18 18 12 12 12 18 18 12 12 12 18 18 12 12 12 18 18 12 12 12 18 18 12 12 108 114 
180 132 72 12 18 18 12 12 12 18 18 12 12 12 18 18 12 12 12 18 18 12 12 12 18 18 12 12 12 18 18 12 12 12 18 18 12 12 12 18 18 12 60 120 180 
66 132 132 72 18 18 12 12 12 18 18 12 12 12 18 18 12 12 12 18 18 12 12 12 18 18 12 12 12 18 18 12 12 12 18 18 12 12 12 18 18 60 120 120 60 
6 72 132 132 60 18 12 12 12 18 18 12 12 12 18 18 12 12 12 18 18 12 12 12 18 18 12 12 12 18 18 12 12 12 18 18 12 12 12 18 78 120 120 60 6 
6 12 72 132 120 60 12 12 12 18 18 12 12 12 18 18 12 12 12 18 18 12 12 12 18 18 12 12 12 18 18 12 12 12 18 18 12 12 12 78 138 120 60 12 6 
6 12 12 72 120 120 72 12 12 18 18 12 12 12 18 18 12 12 12 18 18 12 12 12 18 18 12 12 12 18 18 12 12 12 18 18 12 12 60 138 138 60 12 12 6 
6 12 12 12 60 120 132 72 12 18 18 12 12 12 18 18 12 12 12 18 18 12 12 12 18 18 12 12 12 18 18 12 12 12 18 18 12 60 120 138 78 12 12 12 6 
6 12 12 12 18 60 132 132 72 18 18 12 12 12 18 18 12 12 12 18 18 12 12 12 18 18 12 12 12 18 18 12 12 12 18 18 60 120 120 78 18 12 12 12 6 
6 12 12 12 18 18 72 132 132 60 18 12 12 12 18 18 12 12 12 18 18 12 12 12 18 18 12 12 12 18 18 12 12 12 18 78 120 120 60 18 18 12 12 12 6 
6 12 12 12 18 18 12 72 192 102 18 12 12 12 18 18 12 12 12 18 18 12 12 12 18 18 12 12 12 18 18 12 12 12 18 138 168 60 12 18 18 12 12 12 6 
6 12 12 12 18 18 12 12 192 162 18 12 12 12 18 18 12 12 12 18 18 12 12 12 18 18 12 12 12 18 18 12 12 12 18 198 168 12 12 18 18 12 12 12 6 
6 12 12 12 18 18 12 12 192 162 18 12 12 12 18 18 12 12 12 18 18 12 12 12 18 18 12 12 12 18 18 12 12 12 18 198 168 12 12 18 18 12 12 12 6 
6 12 12 12 18 18 12 12 192 162 18 12 12 12 18 18 12 12 12 18 18 12 12 12 18 18 12 12 12 18 18 12 12 12 18 198 168 12 12 18 18 12 12 12 6 
6 12 12 12 18 18 12 12 192 162 18 12 12 12 18 18 12 12 12 18 18 12 12 12 18 18 12 12 12 18 18 12 12 12 18 198 168 12 12 18 18 12 12 12 6 
6 12 12 12 18 18 12 12 192 162 18 12 12 12 18 18 12 12 12 18 18 12 12 12 18 18 12 12 12 18 18 12 12 12 18 198 168 12 12 18 18 12 12 12 6 
6 12 12 12 18 18 12 12 132 120 180 180 180 180 180 120 72 12 12 18 18 12 12 12 18 18 12 12 60 120 180 180 180 180 180 138 108 12 12 18 18 12 12 12 6 
6 12 12 12 18 18 12 12 72 120 180 180 180 180 180 180 132 72 12 18 18 12 12 12 18 18 12 60 120 180 180 180 180 180 180 120 60 12 12 18 18 12 12 12 6 
6 12 12 12 18 18 12 12 12 18 18 12 12 12 18 60 132 132 72 18 18 12 12 12 18 18 60 120 120 78 18 12 12 12 18 18 12 12 12 18 18 12 12 12 6 
6 12 12 12 18 18 12 12 12 18 18 12 12 12 18 18 72 132 132 60 18 12 12 12 18 78 120 120 60 18 18 12 12 12 18 18 12 12 12 18 18 12 12 12 6 
6 12 12 12 18 18 12 12 12 18 18 12 12 12 18 18 12 72 132 120 60 12 12 12 78 138 120 60 12 18 18 12 12 12 18 18 12 12 12 18 18 12 12 12 6 
6 12 12 12 18 18 12 12 12 18 18 12 12 12 18 18 12 12 72 120 120 72 12 60 138 138 60 12 12 18 18 12 12 12 18 18 12 12 12 18 18 12 12 12 6 
6 12 12 12 18 18 12 12 12 18 18 12 12 12 18 18 12 12 12 60 120 132 120 120 138 78 12 12 12 18 18 12 12 12 18 18 12 12 12 18 18 12 12 12 6 
6 12 12 12 18 18 12 12 12 18 18 12 12 12 18 18 12 12 12 18 60 192 120 168 78 18 12 12 12 18 18 12 12 12 18 18 12 12 12 18 18 12 12 12 6 
